--- Image: 000000079.jpg ---
Pool 1:
188,61; 185,64; 183,64; 181,66; 180,66; 177,69; 176,69; 175,70; 175,74; 177,76; 177,77; 178,78; 178,82; 179,82; 180,83; 181,83; 183,85; 183,86; 185,88; 185,89; 186,90; 186,91; 189,94; 189,95; 191,97; 191,98; 192,99; 192,100; 195,103; 195,104; 196,105; 199,105; 200,104; 201,104; 203,102; 204,102; 205,101; 206,101; 208,99; 209,99; 210,98; 211,98; 213,96; 214,96; 217,93; 218,93; 218,89; 215,86; 215,85; 214,84; 211,84; 210,85; 208,85; 204,81; 204,80; 203,79; 203,78; 202,77; 202,76; 200,74; 200,73; 198,71; 198,70; 196,68; 196,67; 194,65; 194,64; 191,61; 

Pool 2:
148,78; 147,79; 146,79; 143,82; 143,83; 142,84; 142,91; 143,92; 143,93; 144,94; 144,95; 145,96; 145,99; 147,101; 147,102; 149,104; 149,105; 150,105; 155,110; 155,111; 158,114; 162,114; 163,115; 163,116; 167,116; 168,115; 169,115; 172,112; 172,110; 174,108; 174,104; 172,102; 172,101; 171,100; 171,98; 169,96; 169,95; 168,94; 168,93; 167,93; 166,92; 166,91; 165,90; 165,89; 163,87; 163,86; 161,84; 161,83; 157,79; 156,79; 155,78; 

--- Image: 000000136.jpg ---
Pool 1:
103,114; 102,115; 101,115; 100,116; 100,119; 97,122; 95,122; 94,121; 89,121; 86,124; 86,125; 85,126; 85,128; 84,129; 83,129; 82,130; 76,130; 75,131; 75,132; 74,133; 73,133; 73,134; 72,135; 72,137; 73,138; 73,145; 74,145; 75,146; 75,147; 78,150; 78,151; 79,152; 79,153; 89,153; 89,151; 91,149; 91,148; 92,147; 93,147; 93,145; 95,143; 95,142; 96,141; 98,141; 99,140; 105,140; 106,141; 110,141; 113,138; 114,138; 116,136; 118,136; 118,118; 117,118; 115,116; 115,115; 112,115; 111,114; 

Pool 2:
103,113; 103,114; 102,115; 101,115; 100,116; 100,119; 97,122; 95,122; 94,121; 89,121; 86,124; 86,125; 85,126; 85,128; 84,129; 83,129; 82,130; 76,130; 75,131; 75,132; 74,133; 73,133; 73,134; 72,135; 72,137; 73,138; 73,145; 74,145; 75,146; 75,147; 78,150; 78,152; 89,152; 89,151; 91,149; 91,148; 92,147; 93,147; 93,145; 95,143; 95,142; 96,141; 98,141; 99,140; 105,140; 106,141; 109,141; 109,113; 

Pool 3:
180,0; 180,1; 179,2; 178,2; 178,3; 177,4; 177,6; 178,7; 180,7; 181,8; 184,8; 186,10; 186,17; 185,18; 179,18; 178,19; 175,19; 174,20; 174,21; 193,21; 193,0; 192,0; 192,4; 191,5; 189,5; 187,3; 187,2; 186,1; 186,0; 

--- Image: 000000216.jpg ---
Pool 1:
169,112; 168,113; 155,113; 154,114; 152,114; 151,115; 149,115; 148,116; 145,116; 143,118; 142,118; 141,119; 140,119; 138,121; 137,121; 136,122; 135,122; 130,127; 129,127; 129,128; 126,131; 123,131; 123,142; 124,142; 125,143; 125,144; 150,144; 150,143; 151,142; 153,142; 153,141; 154,140; 158,140; 159,139; 160,139; 160,137; 161,136; 165,136; 167,134; 167,133; 169,131; 170,131; 171,130; 174,130; 178,126; 179,126; 181,124; 183,124; 183,115; 181,115; 180,116; 176,116; 175,115; 175,114; 174,114; 173,113; 172,113; 171,112; 

Pool 2:
102,47; 102,60; 103,60; 104,61; 110,61; 111,62; 111,64; 112,65; 112,69; 111,70; 107,70; 107,74; 108,75; 109,75; 113,79; 121,79; 123,81; 123,82; 124,83; 124,85; 123,86; 123,88; 124,89; 126,89; 128,87; 131,87; 132,88; 133,88; 134,89; 134,92; 133,93; 133,95; 139,95; 139,94; 140,93; 143,93; 144,94; 144,95; 150,95; 150,93; 149,92; 149,90; 152,87; 152,84; 153,83; 156,83; 156,80; 154,80; 144,70; 144,69; 142,67; 141,67; 140,66; 137,66; 136,65; 135,65; 134,64; 133,64; 131,62; 131,61; 130,60; 130,59; 128,57; 128,56; 127,55; 127,54; 126,53; 125,53; 123,51; 122,51; 121,50; 117,50; 116,51; 115,51; 113,53; 111,53; 111,54; 110,55; 106,55; 105,54; 104,54; 103,53; 103,51; 104,50; 104,48; 103,47; 

Pool 3:
117,50; 116,51; 115,51; 113,53; 111,53; 111,54; 110,55; 103,55; 103,61; 110,61; 111,62; 111,64; 112,65; 112,69; 111,70; 107,70; 107,74; 108,75; 109,75; 113,79; 121,79; 123,81; 123,82; 124,83; 124,85; 123,86; 123,88; 124,89; 126,89; 128,87; 131,87; 132,88; 133,88; 134,89; 134,94; 139,94; 140,93; 143,93; 144,94; 147,94; 148,95; 150,95; 150,93; 149,92; 149,90; 152,87; 152,84; 153,83; 156,83; 156,80; 154,80; 144,70; 144,69; 142,67; 141,67; 140,66; 137,66; 136,65; 135,65; 134,64; 133,64; 131,62; 131,61; 130,60; 130,59; 128,57; 128,56; 127,55; 127,54; 126,53; 125,53; 123,51; 122,51; 121,50; 

--- Image: 000000292.jpg ---
Pool 1:
125,98; 124,99; 122,99; 121,100; 120,100; 117,103; 116,103; 116,104; 115,105; 114,105; 113,106; 111,106; 111,107; 110,108; 108,108; 105,111; 104,111; 103,112; 102,112; 102,115; 103,116; 103,117; 105,119; 105,120; 108,123; 108,124; 110,126; 110,127; 112,129; 112,130; 115,133; 115,134; 117,136; 117,137; 120,140; 120,141; 122,143; 122,144; 124,146; 124,147; 126,149; 126,150; 127,151; 127,152; 129,154; 129,155; 131,157; 131,158; 133,160; 133,161; 136,161; 137,160; 138,160; 140,158; 141,158; 143,156; 143,155; 145,153; 148,153; 149,152; 150,152; 152,150; 153,150; 155,148; 156,148; 157,147; 158,147; 158,146; 159,145; 159,143; 157,141; 157,140; 156,139; 156,138; 155,137; 154,137; 153,136; 153,133; 149,129; 149,128; 147,126; 147,125; 143,121; 143,120; 141,118; 141,117; 139,115; 139,114; 137,112; 137,109; 136,109; 133,106; 133,105; 131,105; 130,104; 130,102; 129,101; 129,100; 127,98; 

Pool 2:
125,98; 124,99; 122,99; 121,100; 120,100; 117,103; 116,103; 116,104; 115,105; 114,105; 113,106; 111,106; 111,107; 110,108; 108,108; 105,111; 104,111; 103,112; 102,112; 102,115; 103,116; 103,117; 105,119; 105,120; 108,123; 108,124; 110,126; 110,127; 112,129; 112,130; 115,133; 115,134; 117,136; 117,137; 120,140; 120,141; 122,143; 122,144; 124,146; 124,147; 126,149; 126,150; 127,151; 127,152; 128,153; 128,154; 148,154; 148,153; 149,152; 150,152; 152,150; 153,150; 155,148; 156,148; 157,147; 159,147; 159,142; 158,142; 157,141; 157,140; 156,139; 156,138; 155,137; 154,137; 153,136; 153,133; 149,129; 149,128; 147,126; 147,125; 143,121; 143,120; 141,118; 141,117; 139,115; 139,114; 137,112; 137,109; 136,109; 133,106; 133,105; 131,105; 130,104; 130,102; 129,101; 129,100; 127,98; 

Pool 3:
45,0; 45,2; 44,3; 44,4; 39,9; 39,10; 38,11; 38,17; 39,18; 39,19; 41,21; 42,21; 44,23; 44,24; 45,25; 45,28; 46,29; 46,34; 47,35; 47,36; 50,39; 51,39; 53,41; 53,42; 58,42; 58,37; 61,34; 62,34; 62,32; 63,31; 67,31; 67,11; 66,11; 66,12; 64,14; 64,16; 63,17; 61,17; 60,16; 60,8; 63,5; 63,4; 64,3; 64,0; 

Pool 4:
116,102; 116,104; 115,105; 114,105; 113,106; 111,106; 111,107; 110,108; 108,108; 105,111; 104,111; 103,112; 101,112; 101,115; 102,115; 103,116; 103,117; 105,119; 105,120; 108,123; 108,124; 110,126; 110,127; 112,129; 112,130; 115,133; 115,134; 117,136; 117,137; 120,140; 120,141; 122,143; 122,144; 124,146; 124,147; 126,149; 126,150; 127,151; 127,152; 129,154; 129,155; 131,157; 131,158; 133,160; 133,161; 136,161; 137,160; 138,160; 140,158; 141,158; 143,156; 143,155; 145,153; 148,153; 149,152; 150,152; 152,150; 153,150; 155,148; 156,148; 157,147; 158,147; 158,146; 159,145; 159,143; 157,141; 157,140; 156,139; 156,138; 155,137; 154,137; 153,136; 153,133; 149,129; 149,128; 147,126; 147,125; 143,121; 143,120; 141,118; 141,117; 139,115; 139,114; 137,112; 137,109; 136,109; 133,106; 133,105; 131,105; 130,104; 130,102; 

--- Image: 000000378.jpg ---
Pool 1:
142,126; 141,127; 140,127; 139,128; 137,128; 135,130; 135,131; 131,135; 130,135; 130,136; 126,140; 125,140; 120,145; 119,145; 119,148; 118,149; 118,150; 117,151; 117,153; 116,154; 115,154; 115,155; 111,159; 108,159; 108,168; 113,168; 115,170; 115,171; 135,171; 135,170; 138,167; 140,167; 143,164; 144,164; 147,161; 148,161; 149,160; 150,160; 153,157; 154,157; 156,155; 157,155; 158,154; 160,154; 161,153; 161,152; 162,151; 163,151; 163,142; 161,142; 161,147; 160,148; 158,148; 157,147; 157,137; 156,136; 155,136; 147,128; 146,128; 144,126; 

--- Image: swimming pools detected.png ---
Pool 1:
165,442; 165,444; 164,445; 162,445; 159,448; 158,448; 158,450; 157,451; 156,451; 155,452; 155,453; 154,454; 150,454; 140,464; 140,465; 138,467; 138,475; 140,477; 140,480; 143,480; 144,481; 144,483; 145,483; 146,484; 146,486; 147,487; 147,490; 155,498; 155,501; 156,502; 158,502; 159,503; 159,508; 162,508; 164,510; 164,515; 165,515; 168,518; 169,518; 171,520; 171,524; 172,524; 178,530; 178,532; 179,532; 180,533; 180,536; 183,536; 184,537; 184,538; 185,538; 186,539; 186,541; 193,548; 199,548; 208,539; 212,539; 212,537; 213,536; 215,536; 216,535; 216,534; 217,533; 221,533; 221,530; 222,529; 224,529; 224,527; 230,521; 231,521; 231,513; 224,506; 224,504; 223,504; 222,503; 222,501; 218,497; 218,495; 217,495; 216,494; 216,492; 215,491; 214,491; 212,489; 212,485; 211,484; 211,483; 210,483; 209,482; 209,479; 208,479; 205,476; 203,476; 202,475; 202,474; 201,474; 200,473; 200,471; 194,465; 194,461; 193,460; 189,460; 188,459; 188,458; 187,457; 187,455; 186,455; 185,454; 185,452; 182,449; 180,449; 179,448; 179,446; 178,445; 176,445; 175,444; 175,442; 

Pool 2:
114,114; 113,115; 112,115; 111,116; 109,116; 105,120; 105,122; 103,124; 103,130; 100,133; 100,134; 99,135; 99,138; 98,139; 98,140; 97,141; 97,142; 95,144; 95,146; 94,147; 94,148; 93,149; 93,154; 92,155; 92,156; 91,157; 90,157; 90,161; 89,162; 89,163; 88,164; 88,170; 90,172; 90,173; 92,175; 97,175; 101,179; 103,179; 104,180; 108,180; 110,182; 111,182; 112,183; 113,183; 115,185; 120,185; 121,186; 122,186; 123,187; 125,187; 126,188; 127,188; 128,189; 130,189; 131,190; 132,190; 135,193; 137,193; 139,195; 147,195; 150,198; 151,198; 152,199; 157,199; 160,202; 161,202; 162,203; 164,203; 165,204; 166,204; 167,205; 169,205; 171,207; 172,207; 173,208; 174,208; 175,209; 178,209; 179,210; 180,210; 182,212; 183,212; 184,213; 188,213; 189,214; 193,214; 196,217; 198,217; 200,219; 203,219; 205,221; 209,221; 211,223; 213,223; 214,224; 218,224; 220,226; 222,226; 224,228; 227,228; 230,231; 233,231; 234,232; 235,232; 236,233; 237,233; 238,234; 241,234; 242,235; 243,235; 244,236; 245,236; 246,237; 247,237; 248,238; 251,238; 254,241; 255,241; 256,242; 257,242; 258,243; 258,244; 261,244; 261,243; 262,242; 263,242; 263,241; 266,238; 267,238; 270,235; 270,232; 272,230; 272,224; 273,223; 274,223; 274,222; 275,221; 275,218; 276,217; 276,216; 277,215; 277,210; 280,207; 280,203; 282,201; 282,198; 285,195; 285,193; 286,192; 286,189; 285,188; 285,186; 284,185; 283,185; 281,183; 280,183; 278,181; 277,181; 276,180; 274,180; 271,177; 265,177; 264,176; 263,176; 262,175; 259,175; 256,172; 254,172; 252,170; 250,170; 249,169; 248,169; 247,168; 244,168; 243,167; 240,167; 238,165; 237,165; 236,164; 234,164; 232,162; 230,162; 228,160; 225,160; 223,158; 221,158; 218,155; 211,155; 210,154; 209,154; 208,153; 206,153; 203,150; 201,150; 199,148; 197,148; 196,147; 195,147; 194,146; 191,146; 188,143; 184,143; 183,142; 182,142; 181,141; 180,141; 179,140; 176,140; 174,138; 172,138; 170,136; 163,136; 160,133; 158,133; 156,131; 153,131; 152,130; 151,130; 150,129; 149,129; 148,128; 147,128; 146,127; 146,126; 143,126; 141,124; 136,124; 134,122; 133,122; 132,121; 128,121; 126,119; 124,119; 122,117; 119,117; 116,114; 

Pool 3:
546,96; 546,97; 547,97; 550,100; 553,100; 556,103; 563,103; 565,105; 565,107; 569,107; 570,108; 570,110; 569,111; 565,111; 565,112; 564,113; 562,113; 561,112; 561,111; 553,111; 550,108; 547,108; 545,106; 545,105; 543,105; 542,104; 542,102; 544,100; 544,98; 541,98; 538,101; 535,101; 533,103; 531,103; 529,101; 526,101; 523,98; 513,98; 506,105; 506,106; 503,109; 503,118; 501,120; 500,120; 500,124; 497,127; 497,130; 496,131; 494,131; 493,130; 493,127; 491,127; 491,131; 494,131; 495,132; 495,134; 496,135; 496,137; 495,138; 492,138; 492,140; 493,141; 493,143; 491,145; 491,148; 488,151; 488,158; 485,161; 485,164; 482,167; 482,170; 479,173; 479,179; 477,181; 476,181; 476,183; 477,183; 478,184; 478,186; 477,187; 473,187; 473,189; 474,190; 474,192; 472,194; 472,197; 469,200; 469,203; 467,205; 466,205; 466,210; 464,212; 463,212; 463,225; 470,232; 477,232; 480,235; 483,235; 485,237; 485,238; 486,238; 488,240; 488,241; 498,241; 500,243; 500,244; 501,244; 503,246; 503,247; 504,247; 507,250; 513,250; 513,248; 514,247; 523,247; 527,243; 530,243; 532,241; 532,239; 531,238; 531,236; 532,235; 538,235; 538,233; 532,233; 531,232; 531,230; 535,226; 536,226; 536,219; 538,217; 538,215; 537,214; 537,212; 541,208; 545,208; 545,206; 543,204; 543,202; 547,198; 548,198; 548,194; 550,192; 550,190; 549,189; 549,187; 552,184; 554,184; 555,185; 555,186; 557,186; 557,183; 558,182; 558,178; 556,178; 555,177; 555,175; 556,174; 558,174; 558,173; 559,172; 561,172; 562,173; 564,173; 567,170; 569,170; 569,166; 570,165; 571,165; 571,140; 568,140; 567,139; 567,132; 568,131; 571,131; 571,126; 565,126; 564,125; 564,124; 561,124; 560,123; 560,120; 559,120; 558,119; 558,117; 556,117; 555,116; 555,114; 556,113; 562,113; 563,114; 563,116; 568,116; 569,117; 569,119; 570,120; 571,120; 571,117; 569,117; 568,116; 568,114; 569,113; 571,113; 571,105; 570,105; 569,104; 569,101; 565,101; 564,100; 564,98; 563,98; 562,97; 562,96; 

